6      # nbre paires o-d
# les paires o-d  
1    1  50  
2    2  49  
3    3  48  
4    4  47  
5    5  46  
6    6  45  
# les demandes  
1    1  
2    1  
3    1  
4    1  
5    1  
6    1  

50      # nbre sommet
65      # nbre arc_1 (proba sur 10 = 4) 
119      # nbre arc_2
# arc_1: o d cost
1    3  8  2 
2    3  10  2 
3    4  10  8 
4    5  10  7 
5    5  11  4 
6    6  11  8 
7    7  13  10 
8    8  15  5 
9    9  10  10 
10    10  15  9 
11    11  10  4 
12    11  12  7 
13    11  17  9 
14    12  11  8 
15    12  13  8 
16    12  18  4 
17    12  19  6 
18    13  12  4 
19    13  18  4 
20    14  21  7 
21    15  16  2 
22    15  20  3 
23    15  22  2 
24    17  23  8 
25    17  24  9 
26    18  19  10 
27    18  23  1 
28    21  20  2 
29    21  22  8 
30    22  21  9 
31    22  27  6 
32    23  29  10 
33    24  23  10 
34    24  29  3 
35    25  24  4 
36    25  31  4 
37    27  28  9 
38    27  34  6 
39    28  29  5 
40    29  28  7 
41    29  34  3 
42    30  35  1 
43    30  37  6 
44    31  30  10 
45    31  36  9 
46    32  33  9 
47    33  32  6 
48    33  34  7 
49    33  38  6 
50    34  40  6 
51    34  41  8 
52    35  40  4 
53    35  42  9 
54    36  35  10 
55    36  37  3 
56    36  41  2 
57    37  36  1 
58    38  45  1 
59    39  38  5 
60    39  44  5 
61    40  41  6 
62    40  45  5 
63    41  42  5 
64    41  46  9 
65    42  41  5 

# arc_2: o d cost 
1    1  2  0 
2    1  3  0 
3    1  4  0 
4    1  5  0 
5    1  6  0 
6    1  7  0 
7    2  8  3 
8    2  9  10 
9    3  9  5 
10    4  9  8 
11    4  11  8 
12    5  12  2 
13    6  12  1 
14    6  13  7 
15    7  12  7 
16    8  9  1 
17    8  14  8 
18    9  8  4 
19    9  14  2 
20    9  15  6 
21    9  16  1 
22    10  9  1 
23    10  11  1 
24    10  16  1 
25    10  17  7 
26    11  16  1 
27    11  18  4 
28    12  17  9 
29    13  19  8 
30    14  15  5 
31    14  20  1 
32    15  14  9 
33    15  21  5 
34    16  15  6 
35    16  17  9 
36    16  21  7 
37    16  22  9 
38    16  23  4 
39    17  16  5 
40    17  18  5 
41    17  22  10 
42    18  17  7 
43    18  24  8 
44    18  25  4 
45    19  18  7 
46    19  24  7 
47    19  25  3 
48    20  21  6 
49    20  26  9 
50    20  27  6 
51    21  26  9 
52    21  27  2 
53    21  28  3 
54    22  23  7 
55    22  28  8 
56    22  29  1 
57    23  22  8 
58    23  24  1 
59    23  28  5 
60    23  30  10 
61    24  25  7 
62    24  30  3 
63    24  31  9 
64    25  30  1 
65    26  27  9 
66    26  32  9 
67    26  33  4 
68    27  26  7 
69    27  32  6 
70    27  33  10 
71    28  27  8 
72    28  33  9 
73    28  34  10 
74    28  35  1 
75    29  30  9 
76    29  35  9 
77    29  36  9 
78    30  29  4 
79    30  31  7 
80    30  36  8 
81    31  37  4 
82    32  38  7 
83    32  39  8 
84    33  39  1 
85    33  40  9 
86    34  33  9 
87    34  35  10 
88    34  39  10 
89    35  34  10 
90    35  36  1 
91    35  41  3 
92    36  42  9 
93    36  43  5 
94    37  42  2 
95    37  43  2 
96    38  39  1 
97    38  44  8 
98    39  40  4 
99    39  45  2 
100    39  46  10 
101    40  39  3 
102    40  46  2 
103    40  47  3 
104    41  40  3 
105    41  47  3 
106    41  48  5 
107    42  43  8 
108    42  47  6 
109    42  48  8 
110    42  49  8 
111    43  42  2 
112    43  48  1 
113    43  49  5 
114    44  50  0 
115    45  50  0 
116    46  50  0 
117    47  50  0 
118    48  50  0 
119    49  50  0 

