K = [1  50  ;
2  49  ;
3  48  ;
4  47  ;
5  46  ;
6  45  ]

n_k= [1  ;
1  ;
1  ;
1  ;
1  ;
1  ]

n = 50

A_1 = [3  8  2 ;
3  10  2 ;
4  10  8 ;
5  10  7 ;
5  11  4 ;
6  11  8 ;
7  13  10 ;
8  15  5 ;
9  10  10 ;
10  15  9 ;
11  10  4 ;
11  12  7 ;
11  17  9 ;
12  11  8 ;
12  13  8 ;
12  18  4 ;
12  19  6 ;
13  12  4 ;
13  18  4 ;
14  21  7 ;
15  16  2 ;
15  20  3 ;
15  22  2 ;
17  23  8 ;
17  24  9 ;
18  19  10 ;
18  23  1 ;
21  20  2 ;
21  22  8 ;
22  21  9 ;
22  27  6 ;
23  29  10 ;
24  23  10 ;
24  29  3 ;
25  24  4 ;
25  31  4 ;
27  28  9 ;
27  34  6 ;
28  29  5 ;
29  28  7 ;
29  34  3 ;
30  35  1 ;
30  37  6 ;
31  30  10 ;
31  36  9 ;
32  33  9 ;
33  32  6 ;
33  34  7 ;
33  38  6 ;
34  40  6 ;
34  41  8 ;
35  40  4 ;
35  42  9 ;
36  35  10 ;
36  37  3 ;
36  41  2 ;
37  36  1 ;
38  45  1 ;
39  38  5 ;
39  44  5 ;
40  41  6 ;
40  45  5 ;
41  42  5 ;
41  46  9 ;
42  41  5 ]

A_2 = [1  2  0 ;
1  3  0 ;
1  4  0 ;
1  5  0 ;
1  6  0 ;
1  7  0 ;
2  8  3 ;
2  9  10 ;
3  9  5 ;
4  9  8 ;
4  11  8 ;
5  12  2 ;
6  12  1 ;
6  13  7 ;
7  12  7 ;
8  9  1 ;
8  14  8 ;
9  8  4 ;
9  14  2 ;
9  15  6 ;
9  16  1 ;
10  9  1 ;
10  11  1 ;
10  16  1 ;
10  17  7 ;
11  16  1 ;
11  18  4 ;
12  17  9 ;
13  19  8 ;
14  15  5 ;
14  20  1 ;
15  14  9 ;
15  21  5 ;
16  15  6 ;
16  17  9 ;
16  21  7 ;
16  22  9 ;
16  23  4 ;
17  16  5 ;
17  18  5 ;
17  22  10 ;
18  17  7 ;
18  24  8 ;
18  25  4 ;
19  18  7 ;
19  24  7 ;
19  25  3 ;
20  21  6 ;
20  26  9 ;
20  27  6 ;
21  26  9 ;
21  27  2 ;
21  28  3 ;
22  23  7 ;
22  28  8 ;
22  29  1 ;
23  22  8 ;
23  24  1 ;
23  28  5 ;
23  30  10 ;
24  25  7 ;
24  30  3 ;
24  31  9 ;
25  30  1 ;
26  27  9 ;
26  32  9 ;
26  33  4 ;
27  26  7 ;
27  32  6 ;
27  33  10 ;
28  27  8 ;
28  33  9 ;
28  34  10 ;
28  35  1 ;
29  30  9 ;
29  35  9 ;
29  36  9 ;
30  29  4 ;
30  31  7 ;
30  36  8 ;
31  37  4 ;
32  38  7 ;
32  39  8 ;
33  39  1 ;
33  40  9 ;
34  33  9 ;
34  35  10 ;
34  39  10 ;
35  34  10 ;
35  36  1 ;
35  41  3 ;
36  42  9 ;
36  43  5 ;
37  42  2 ;
37  43  2 ;
38  39  1 ;
38  44  8 ;
39  40  4 ;
39  45  2 ;
39  46  10 ;
40  39  3 ;
40  46  2 ;
40  47  3 ;
41  40  3 ;
41  47  3 ;
41  48  5 ;
42  43  8 ;
42  47  6 ;
42  48  8 ;
42  49  8 ;
43  42  2 ;
43  48  1 ;
43  49  5 ;
44  50  0 ;
45  50  0 ;
46  50  0 ;
47  50  0 ;
48  50  0 ;
49  50  0 ]
