param nb_pair:=5 ;
param pair: 1 2 := 
1   1  32  
2   2  31  
3   3  30  
4   4  29  
5   5  28  
; 
param demand := 
1   7  
2   9  
3   6  
4   9  
5   8  
; 
param n:=32 ;
# la proba_arc_tax sur 10 est 4 
param nb_arc_1:=35 ;
param nb_arc_2:=80 ;
param arc_1: 1 2 3 :=
1   4  8  8 
2   6  10  8 
3   7  8  7 
4   8  7  1 
5   8  13  4 
6   8  14  10 
7   9  8  2 
8   9  13  1 
9   9  15  1 
10   10  16  7 
11   11  16  4 
12   13  18  4 
13   14  13  5 
14   14  15  1 
15   14  18  7 
16   14  20  2 
17   15  14  3 
18   15  20  6 
19   16  21  4 
20   17  18  5 
21   17  23  10 
22   18  19  9 
23   18  24  1 
24   19  23  7 
25   19  25  3 
26   20  21  9 
27   20  24  6 
28   21  25  2 
29   22  23  9 
30   23  27  8 
31   24  28  10 
32   24  30  3 
33   25  29  4 
34   26  25  9 
35   26  31  4 
;
param arc_2: 1 2 3 :=
1   1  2  0 
2   1  3  0 
3   1  4  0 
4   1  5  0 
5   1  6  0 
6   2  7  3 
7   2  8  10 
8   3  7  2 
9   3  8  5 
10   3  9  2 
11   4  9  8 
12   4  10  8 
13   5  9  7 
14   5  10  4 
15   5  11  2 
16   6  11  1 
17   7  12  7 
18   7  13  10 
19   8  9  8 
20   8  12  5 
21   9  10  6 
22   9  14  1 
23   10  9  9 
24   10  11  1 
25   10  14  7 
26   10  15  4 
27   11  10  1 
28   11  15  9 
29   12  13  8 
30   12  17  8 
31   12  18  9 
32   13  12  4 
33   13  14  6 
34   13  17  4 
35   13  19  8 
36   14  19  9 
37   15  16  5 
38   15  19  2 
39   15  21  9 
40   16  15  7 
41   16  20  9 
42   17  22  5 
43   18  17  8 
44   18  22  7 
45   18  23  10 
46   19  18  8 
47   19  20  4 
48   19  24  7 
49   20  19  6 
50   20  25  2 
51   20  26  8 
52   21  20  9 
53   21  26  3 
54   22  27  7 
55   22  28  6 
56   23  22  8 
57   23  24  1 
58   23  28  1 
59   23  29  5 
60   24  23  10 
61   24  25  10 
62   24  29  7 
63   25  24  3 
64   25  26  9 
65   25  30  1 
66   25  31  4 
67   26  30  9 
68   27  28  10 
69   27  32  0 
70   28  27  10 
71   28  29  10 
72   28  32  0 
73   29  28  10 
74   29  30  10 
75   29  32  0 
76   30  29  10 
77   30  31  10 
78   30  32  0 
79   31  30  10 
80   31  32  0 
;
