param nb_pair:=6 ;
param pair: 1 2 := 
1   1  62  
2   2  61  
3   3  60  
4   4  59  
5   5  58  
6   6  57  
; 
param demand := 
1   1  
2   1  
3   1  
4   1  
5   1  
6   1  
; 
param n:=62 ;
# la proba_arc_tax sur 10 est 4 
param nb_arc_1:=79 ;
param nb_arc_2:=167 ;
param arc_1: 1 2 3 :=
1   2  9  10 
2   3  9  5 
3   4  10  8 
4   5  11  4 
5   6  11  8 
6   7  13  10 
7   9  15  6 
8   9  16  1 
9   10  9  1 
10   10  11  1 
11   10  15  9 
12   10  17  7 
13   11  16  1 
14   11  18  4 
15   12  11  8 
16   13  12  4 
17   13  18  4 
18   15  14  9 
19   15  16  2 
20   15  20  3 
21   16  17  9 
22   17  16  5 
23   17  18  5 
24   17  22  10 
25   17  24  9 
26   18  24  8 
27   18  25  4 
28   20  21  6 
29   20  27  6 
30   21  22  8 
31   23  22  8 
32   23  29  10 
33   24  25  7 
34   24  31  9 
35   25  24  4 
36   26  27  9 
37   26  33  4 
38   27  26  7 
39   28  29  5 
40   28  34  10 
41   28  35  1 
42   29  30  9 
43   29  34  3 
44   30  35  1 
45   31  37  4 
46   33  38  6 
47   33  40  9 
48   34  39  10 
49   34  41  8 
50   36  35  10 
51   36  42  9 
52   36  43  5 
53   38  45  1 
54   39  44  5 
55   39  46  10 
56   41  40  3 
57   41  46  9 
58   41  48  5 
59   42  43  8 
60   42  48  8 
61   42  49  8 
62   43  48  1 
63   44  45  7 
64   45  46  5 
65   45  52  9 
66   46  51  7 
67   47  53  1 
68   48  49  9 
69   48  55  4 
70   49  48  9 
71   50  57  7 
72   51  52  6 
73   51  57  1 
74   51  58  5 
75   52  53  4 
76   52  58  5 
77   53  60  7 
78   54  61  9 
79   55  54  1 
;
param arc_2: 1 2 3 :=
1   1  2  0 
2   1  3  0 
3   1  4  0 
4   1  5  0 
5   1  6  0 
6   1  7  0 
7   2  8  3 
8   3  8  2 
9   3  10  2 
10   4  9  8 
11   4  11  8 
12   5  10  7 
13   5  12  2 
14   6  12  1 
15   6  13  7 
16   7  12  7 
17   8  9  1 
18   8  14  8 
19   8  15  5 
20   9  8  4 
21   9  10  10 
22   9  14  2 
23   10  16  1 
24   11  10  4 
25   11  12  7 
26   11  17  9 
27   12  13  8 
28   12  17  9 
29   12  18  4 
30   12  19  6 
31   13  19  8 
32   14  15  5 
33   14  20  1 
34   14  21  7 
35   15  21  5 
36   15  22  2 
37   16  15  6 
38   16  21  7 
39   16  22  9 
40   16  23  4 
41   17  23  8 
42   18  17  7 
43   18  19  10 
44   18  23  1 
45   19  18  7 
46   19  24  7 
47   19  25  3 
48   20  26  9 
49   21  20  2 
50   21  26  9 
51   21  27  2 
52   21  28  3 
53   22  21  9 
54   22  23  7 
55   22  27  6 
56   22  28  8 
57   22  29  1 
58   23  24  1 
59   23  28  5 
60   23  30  10 
61   24  23  10 
62   24  29  3 
63   24  30  3 
64   25  30  1 
65   25  31  4 
66   26  32  9 
67   27  28  9 
68   27  32  6 
69   27  33  10 
70   27  34  6 
71   28  27  8 
72   28  33  9 
73   29  28  7 
74   29  35  9 
75   29  36  9 
76   30  29  4 
77   30  31  7 
78   30  36  8 
79   30  37  6 
80   31  30  10 
81   31  36  9 
82   32  33  9 
83   32  38  7 
84   32  39  8 
85   33  32  6 
86   33  34  7 
87   33  39  1 
88   34  33  9 
89   34  35  10 
90   34  40  6 
91   35  34  10 
92   35  36  1 
93   35  40  4 
94   35  41  3 
95   35  42  9 
96   36  37  3 
97   36  41  2 
98   37  36  1 
99   37  42  2 
100   37  43  2 
101   38  39  1 
102   38  44  8 
103   39  38  5 
104   39  40  4 
105   39  45  2 
106   40  39  3 
107   40  41  6 
108   40  45  5 
109   40  46  2 
110   40  47  3 
111   41  42  5 
112   41  47  3 
113   42  41  5 
114   42  47  6 
115   43  42  2 
116   43  49  5 
117   44  50  6 
118   44  51  7 
119   45  44  4 
120   45  50  2 
121   45  51  5 
122   46  45  4 
123   46  47  10 
124   46  52  1 
125   46  53  4 
126   47  46  1 
127   47  48  7 
128   47  52  3 
129   47  54  3 
130   48  47  8 
131   48  53  7 
132   48  54  9 
133   49  54  8 
134   49  55  4 
135   50  51  9 
136   50  56  1 
137   51  50  10 
138   51  56  7 
139   52  51  3 
140   52  57  1 
141   52  59  2 
142   53  52  2 
143   53  54  5 
144   53  58  5 
145   53  59  3 
146   54  53  10 
147   54  55  5 
148   54  59  3 
149   54  60  1 
150   55  60  10 
151   55  61  4 
152   56  57  10 
153   56  62  0 
154   57  56  10 
155   57  58  10 
156   57  62  0 
157   58  57  10 
158   58  59  10 
159   58  62  0 
160   59  58  10 
161   59  60  10 
162   59  62  0 
163   60  59  10 
164   60  61  10 
165   60  62  0 
166   61  60  10 
167   61  62  0 
;
