param nb_pair:=3 ;
param pair: 1 2 := 
1   1  14  
2   2  13  
3   3  12  
; 
param demand := 
1   1  
2   1  
3   1  
; 
param n:=14 ;
# la proba_arc_tax sur 10 est 4 
param nb_arc_1:=7 ;
param nb_arc_2:=28 ;
param arc_1: 1 2 3 :=
1   2  6  5 
2   4  7  4 
3   6  10  3 
4   7  9  0 
5   9  11  0 
6   10  9  4 
7   10  12  0 
;
param arc_2: 1 2 3 :=
1   1  2  0 
2   1  3  0 
3   1  4  0 
4   2  5  3 
5   3  5  2 
6   3  6  5 
7   3  7  2 
8   4  6  8 
9   5  6  8 
10   5  8  7 
11   5  9  4 
12   6  5  2 
13   6  7  8 
14   6  8  1 
15   6  9  7 
16   7  6  10 
17   7  10  8 
18   8  9  5 
19   8  11  4 
20   8  12  10 
21   9  8  2 
22   9  10  6 
23   9  12  1 
24   9  13  1 
25   10  13  7 
26   11  14  0 
27   12  14  0 
28   13  14  0 
;
