K=[
1  32  ;
2  31  ;
3  30  ;
4  29  ;
5  28  ]

n=32
n_k= [
1  ;
1  ;
1  ;
1  ;
1  ]

A_1=[
4  8  8 ;
4  9  8 ;
6  10  8 ;
7  8  7 ;
8  7  1 ;
8  13  4 ;
8  14  10 ;
9  8  2 ;
9  13  1 ;
9  15  1 ;
10  16  7 ;
11  16  4 ;
13  18  4 ;
14  13  5 ;
14  15  1 ;
14  18  7 ;
14  20  2 ;
15  14  3 ;
15  20  6 ;
16  21  4 ;
17  18  5 ;
17  23  10 ;
18  19  9 ;
18  24  1 ;
19  23  7 ;
19  25  3 ;
20  21  9 ;
20  24  6 ;
21  25  2 ;
22  23  9 ;
23  27  8 ;
24  28  10 ;
24  30  3 ;
25  29  4 ;
26  25  9 ;
26  31  4 ]

A_2 = [
1  2  0 ;
1  3  0 ;
1  4  0 ;
1  5  0 ;
1  6  0 ;
2  7  3 ;
2  8  10 ;
3  7  2 ;
3  8  5 ;
3  9  2 ;
4  10  8 ;
5  9  7 ;
5  10  4 ;
5  11  2 ;
6  11  1 ;
7  12  7 ;
7  13  10 ;
8  9  8 ;
8  12  5 ;
9  10  6 ;
9  14  1 ;
10  9  9 ;
10  11  1 ;
10  14  7 ;
10  15  4 ;
11  10  1 ;
11  15  9 ;
12  13  8 ;
12  17  8 ;
12  18  9 ;
13  12  4 ;
13  14  6 ;
13  17  4 ;
13  19  8 ;
14  19  9 ;
15  16  5 ;
15  19  2 ;
15  21  9 ;
16  15  7 ;
16  20  9 ;
17  22  5 ;
18  17  8 ;
18  22  7 ;
18  23  10 ;
19  18  8 ;
19  20  4 ;
19  24  7 ;
20  19  6 ;
20  25  2 ;
20  26  8 ;
21  20  9 ;
21  26  3 ;
22  27  7 ;
22  28  6 ;
23  22  8 ;
23  24  1 ;
23  28  1 ;
23  29  5 ;
24  23  10 ;
24  25  10 ;
24  29  7 ;
25  24  3 ;
25  26  9 ;
25  30  1 ;
25  31  4 ;
26  30  9 ;
27  32  0 ;
28  32  0 ;
29  32  0 ;
30  32  0 ;
31  32  0 ]
