K = [
1  79  ;
2  78  ;
3  77  ;
4  76  ;
5  75  ;
6  74  ;
7  73  ]

n= 79
n_k=[ 1  ;
1  ;
1  ;
1  ;
1  ;
1  ;
1  ]

A_1 = [
4  10  8 ;
4  12  8 ;
5  13  2 ;
6  13  1 ;
8  15  5 ;
9  17  2 ;
10  9  6 ;
11  10  1 ;
11  12  7 ;
11  19  1 ;
12  13  4 ;
13  19  4 ;
13  21  8 ;
14  15  1 ;
14  21  9 ;
15  14  3 ;
15  21  5 ;
16  17  6 ;
16  24  7 ;
17  24  5 ;
18  19  9 ;
18  26  1 ;
19  18  8 ;
20  19  6 ;
20  27  2 ;
21  22  2 ;
21  27  3 ;
22  28  8 ;
24  23  10 ;
24  25  10 ;
24  31  7 ;
25  24  3 ;
26  27  9 ;
27  28  10 ;
27  33  6 ;
28  27  9 ;
28  34  1 ;
28  36  9 ;
29  35  9 ;
30  38  1 ;
32  40  7 ;
33  32  6 ;
35  34  4 ;
35  42  10 ;
36  35  2 ;
38  46  4 ;
39  46  3 ;
40  41  2 ;
41  49  8 ;
42  43  8 ;
42  49  2 ;
43  42  5 ;
44  45  7 ;
45  44  2 ;
46  47  1 ;
47  46  3 ;
47  54  8 ;
48  49  9 ;
48  56  8 ;
49  50  9 ;
49  56  7 ;
49  57  10 ;
50  56  7 ;
52  53  5 ;
52  59  2 ;
52  60  5 ;
53  59  7 ;
54  62  10 ;
55  54  4 ;
56  57  1 ;
57  56  2 ;
58  66  4 ;
59  65  7 ;
60  67  10 ;
61  60  5 ;
61  62  1 ;
61  67  3 ;
62  63  3 ;
63  64  2 ;
63  69  7 ;
65  66  4 ;
65  73  1 ;
66  67  3 ;
66  72  3 ;
67  73  6 ;
67  75  9 ;
68  67  5 ;
68  74  6 ;
68  76  2 ;
70  71  9 ;
70  77  6 ;
70  78  1 ;
71  70  7 ;
71  78  7 ]

A_2= [
1  2  0 ;
1  3  0 ;
1  4  0 ;
1  5  0 ;
1  6  0 ;
1  7  0 ;
1  8  0 ;
2  9  3 ;
2  10  10 ;
3  9  2 ;
3  10  5 ;
3  11  2 ;
4  11  8 ;
5  11  7 ;
5  12  4 ;
6  12  8 ;
6  14  7 ;
7  13  7 ;
7  14  10 ;
7  15  1 ;
8  14  8 ;
9  10  4 ;
9  16  10 ;
10  11  1 ;
10  16  1 ;
10  17  1 ;
10  18  9 ;
11  17  4 ;
11  18  7 ;
12  11  9 ;
12  18  8 ;
12  19  8 ;
12  20  9 ;
13  12  4 ;
13  14  6 ;
13  20  4 ;
14  13  5 ;
14  20  7 ;
14  22  2 ;
15  22  2 ;
16  23  9 ;
17  16  9 ;
17  18  4 ;
17  23  5 ;
17  25  10 ;
18  17  8 ;
18  24  7 ;
18  25  10 ;
19  20  4 ;
19  25  7 ;
19  26  7 ;
19  27  3 ;
20  21  9 ;
20  26  6 ;
20  28  8 ;
21  20  9 ;
21  28  9 ;
21  29  7 ;
22  21  6 ;
22  29  1 ;
23  24  8 ;
23  30  1 ;
23  31  5 ;
24  30  10 ;
24  32  3 ;
25  26  9 ;
25  31  4 ;
25  32  1 ;
25  33  4 ;
26  25  9 ;
26  32  4 ;
26  33  7 ;
26  34  9 ;
27  26  6 ;
27  34  8 ;
27  35  5 ;
28  29  10 ;
28  35  7 ;
29  28  3 ;
29  36  9 ;
30  31  4 ;
30  37  7 ;
31  30  8 ;
31  32  6 ;
31  37  10 ;
31  38  9 ;
31  39  4 ;
32  31  9 ;
32  33  7 ;
32  38  8 ;
32  39  6 ;
33  34  1 ;
33  39  9 ;
33  40  9 ;
33  41  10 ;
34  33  10 ;
34  35  6 ;
34  40  8 ;
34  41  10 ;
34  42  1 ;
35  36  3 ;
35  41  9 ;
35  43  3 ;
36  42  9 ;
36  43  5 ;
37  38  1 ;
37  44  2 ;
37  45  2 ;
38  37  1 ;
38  39  8 ;
38  44  1 ;
38  45  5 ;
39  38  5 ;
39  40  2 ;
39  45  10 ;
39  47  6 ;
40  39  5 ;
40  46  3 ;
40  47  3 ;
40  48  5 ;
41  40  9 ;
41  42  3 ;
41  47  5 ;
41  48  5 ;
42  41  6 ;
42  48  8 ;
42  50  1 ;
43  49  7 ;
43  50  6 ;
44  51  4 ;
44  52  5 ;
45  46  5 ;
45  51  9 ;
45  52  4 ;
45  53  10 ;
46  45  7 ;
46  52  4 ;
46  53  1 ;
46  54  7 ;
47  48  1 ;
47  53  3 ;
47  55  9 ;
48  47  7 ;
48  54  4 ;
48  55  9 ;
49  48  4 ;
49  55  1 ;
50  49  6 ;
50  57  1 ;
51  52  5 ;
51  58  3 ;
51  59  4 ;
52  51  1 ;
52  58  2 ;
53  52  5 ;
53  54  3 ;
53  60  10 ;
53  61  5 ;
54  53  3 ;
54  55  1 ;
54  60  9 ;
54  61  1 ;
55  56  10 ;
55  61  8 ;
55  62  3 ;
55  63  10 ;
56  55  9 ;
56  62  7 ;
56  63  4 ;
56  64  6 ;
57  63  4 ;
57  64  10 ;
58  59  7 ;
58  65  10 ;
59  58  8 ;
59  60  2 ;
59  66  5 ;
59  67  9 ;
60  59  8 ;
60  61  1 ;
60  66  6 ;
60  68  7 ;
61  68  4 ;
61  69  6 ;
62  61  10 ;
62  68  6 ;
62  69  7 ;
62  70  4 ;
63  62  5 ;
63  70  9 ;
63  71  6 ;
64  63  9 ;
64  70  8 ;
64  71  9 ;
65  72  2 ;
66  65  2 ;
66  73  3 ;
66  74  9 ;
67  66  4 ;
67  68  5 ;
67  74  10 ;
68  69  6 ;
68  75  6 ;
69  68  5 ;
69  70  4 ;
69  75  10 ;
69  76  8 ;
69  77  3 ;
70  69  10 ;
70  76  2 ;
71  77  2 ;
72  73  10 ;
72  79  0 ;
73  72  10 ;
73  74  10 ;
73  79  0 ;
74  73  10 ;
74  75  10 ;
74  79  0 ;
75  74  10 ;
75  76  10 ;
75  79  0 ;
76  75  10 ;
76  77  10 ;
76  79  0 ;
77  76  10 ;
77  78  10 ;
77  79  0 ;
78  77  10 ;
78  79  0 ]
