7      # nbre paires o-d
# les paires o-d  
1    1  79  
2    2  78  
3    3  77  
4    4  76  
5    5  75  
6    6  74  
7    7  73  
# les demandes  
1    1  
2    1  
3    1  
4    1  
5    1  
6    1  
7    1  

79      # nbre sommet
94      # nbre arc_1 (proba sur 10 = 4) 
230      # nbre arc_2
# arc_1: o d cost
1    4  10  8 
2    4  12  8 
3    5  13  2 
4    6  13  1 
5    8  15  5 
6    9  17  2 
7    10  9  6 
8    11  10  1 
9    11  12  7 
10    11  19  1 
11    12  13  4 
12    13  19  4 
13    13  21  8 
14    14  15  1 
15    14  21  9 
16    15  14  3 
17    15  21  5 
18    16  17  6 
19    16  24  7 
20    17  24  5 
21    18  19  9 
22    18  26  1 
23    19  18  8 
24    20  19  6 
25    20  27  2 
26    21  22  2 
27    21  27  3 
28    22  28  8 
29    24  23  10 
30    24  25  10 
31    24  31  7 
32    25  24  3 
33    26  27  9 
34    27  28  10 
35    27  33  6 
36    28  27  9 
37    28  34  1 
38    28  36  9 
39    29  35  9 
40    30  38  1 
41    32  40  7 
42    33  32  6 
43    35  34  4 
44    35  42  10 
45    36  35  2 
46    38  46  4 
47    39  46  3 
48    40  41  2 
49    41  49  8 
50    42  43  8 
51    42  49  2 
52    43  42  5 
53    44  45  7 
54    45  44  2 
55    46  47  1 
56    47  46  3 
57    47  54  8 
58    48  49  9 
59    48  56  8 
60    49  50  9 
61    49  56  7 
62    49  57  10 
63    50  56  7 
64    52  53  5 
65    52  59  2 
66    52  60  5 
67    53  59  7 
68    54  62  10 
69    55  54  4 
70    56  57  1 
71    57  56  2 
72    58  66  4 
73    59  65  7 
74    60  67  10 
75    61  60  5 
76    61  62  1 
77    61  67  3 
78    62  63  3 
79    63  64  2 
80    63  69  7 
81    65  66  4 
82    65  73  1 
83    66  67  3 
84    66  72  3 
85    67  73  6 
86    67  75  9 
87    68  67  5 
88    68  74  6 
89    68  76  2 
90    70  71  9 
91    70  77  6 
92    70  78  1 
93    71  70  7 
94    71  78  7 

# arc_2: o d cost 
1    1  2  0 
2    1  3  0 
3    1  4  0 
4    1  5  0 
5    1  6  0 
6    1  7  0 
7    1  8  0 
8    2  9  3 
9    2  10  10 
10    3  9  2 
11    3  10  5 
12    3  11  2 
13    4  11  8 
14    5  11  7 
15    5  12  4 
16    6  12  8 
17    6  14  7 
18    7  13  7 
19    7  14  10 
20    7  15  1 
21    8  14  8 
22    9  10  4 
23    9  16  10 
24    10  11  1 
25    10  16  1 
26    10  17  1 
27    10  18  9 
28    11  17  4 
29    11  18  7 
30    12  11  9 
31    12  18  8 
32    12  19  8 
33    12  20  9 
34    13  12  4 
35    13  14  6 
36    13  20  4 
37    14  13  5 
38    14  20  7 
39    14  22  2 
40    15  22  2 
41    16  23  9 
42    17  16  9 
43    17  18  4 
44    17  23  5 
45    17  25  10 
46    18  17  8 
47    18  24  7 
48    18  25  10 
49    19  20  4 
50    19  25  7 
51    19  26  7 
52    19  27  3 
53    20  21  9 
54    20  26  6 
55    20  28  8 
56    21  20  9 
57    21  28  9 
58    21  29  7 
59    22  21  6 
60    22  29  1 
61    23  24  8 
62    23  30  1 
63    23  31  5 
64    24  30  10 
65    24  32  3 
66    25  26  9 
67    25  31  4 
68    25  32  1 
69    25  33  4 
70    26  25  9 
71    26  32  4 
72    26  33  7 
73    26  34  9 
74    27  26  6 
75    27  34  8 
76    27  35  5 
77    28  29  10 
78    28  35  7 
79    29  28  3 
80    29  36  9 
81    30  31  4 
82    30  37  7 
83    31  30  8 
84    31  32  6 
85    31  37  10 
86    31  38  9 
87    31  39  4 
88    32  31  9 
89    32  33  7 
90    32  38  8 
91    32  39  6 
92    33  34  1 
93    33  39  9 
94    33  40  9 
95    33  41  10 
96    34  33  10 
97    34  35  6 
98    34  40  8 
99    34  41  10 
100    34  42  1 
101    35  36  3 
102    35  41  9 
103    35  43  3 
104    36  42  9 
105    36  43  5 
106    37  38  1 
107    37  44  2 
108    37  45  2 
109    38  37  1 
110    38  39  8 
111    38  44  1 
112    38  45  5 
113    39  38  5 
114    39  40  2 
115    39  45  10 
116    39  47  6 
117    40  39  5 
118    40  46  3 
119    40  47  3 
120    40  48  5 
121    41  40  9 
122    41  42  3 
123    41  47  5 
124    41  48  5 
125    42  41  6 
126    42  48  8 
127    42  50  1 
128    43  49  7 
129    43  50  6 
130    44  51  4 
131    44  52  5 
132    45  46  5 
133    45  51  9 
134    45  52  4 
135    45  53  10 
136    46  45  7 
137    46  52  4 
138    46  53  1 
139    46  54  7 
140    47  48  1 
141    47  53  3 
142    47  55  9 
143    48  47  7 
144    48  54  4 
145    48  55  9 
146    49  48  4 
147    49  55  1 
148    50  49  6 
149    50  57  1 
150    51  52  5 
151    51  58  3 
152    51  59  4 
153    52  51  1 
154    52  58  2 
155    53  52  5 
156    53  54  3 
157    53  60  10 
158    53  61  5 
159    54  53  3 
160    54  55  1 
161    54  60  9 
162    54  61  1 
163    55  56  10 
164    55  61  8 
165    55  62  3 
166    55  63  10 
167    56  55  9 
168    56  62  7 
169    56  63  4 
170    56  64  6 
171    57  63  4 
172    57  64  10 
173    58  59  7 
174    58  65  10 
175    59  58  8 
176    59  60  2 
177    59  66  5 
178    59  67  9 
179    60  59  8 
180    60  61  1 
181    60  66  6 
182    60  68  7 
183    61  68  4 
184    61  69  6 
185    62  61  10 
186    62  68  6 
187    62  69  7 
188    62  70  4 
189    63  62  5 
190    63  70  9 
191    63  71  6 
192    64  63  9 
193    64  70  8 
194    64  71  9 
195    65  72  2 
196    66  65  2 
197    66  73  3 
198    66  74  9 
199    67  66  4 
200    67  68  5 
201    67  74  10 
202    68  69  6 
203    68  75  6 
204    69  68  5 
205    69  70  4 
206    69  75  10 
207    69  76  8 
208    69  77  3 
209    70  69  10 
210    70  76  2 
211    71  77  2 
212    72  73  10 
213    72  79  0 
214    73  72  10 
215    73  74  10 
216    73  79  0 
217    74  73  10 
218    74  75  10 
219    74  79  0 
220    75  74  10 
221    75  76  10 
222    75  79  0 
223    76  75  10 
224    76  77  10 
225    76  79  0 
226    77  76  10 
227    77  78  10 
228    77  79  0 
229    78  77  10 
230    78  79  0 

