param nb_pair:=6 ;
param pair: 1 2 := 
1   1  44  
2   2  43  
3   3  42  
4   4  41  
5   5  40  
6   6  39  
; 
param demand := 
1   1  
2   1  
3   1  
4   1  
5   1  
6   1  
; 
param n:=44 ;
# la proba_arc_tax sur 10 est 4 
param nb_arc_1:=56 ;
param nb_arc_2:=102 ;
param arc_1: 1 2 3 :=
1   2  9  10 
2   3  8  2 
3   3  9  5 
4   4  10  8 
5   5  11  4 
6   6  11  8 
7   8  15  5 
8   9  8  4 
9   9  10  10 
10   9  14  2 
11   9  16  1 
12   10  9  1 
13   10  15  9 
14   12  13  8 
15   12  18  4 
16   13  18  4 
17   15  14  9 
18   15  20  3 
19   15  22  2 
20   16  15  6 
21   16  21  7 
22   17  18  5 
23   17  24  9 
24   18  19  10 
25   19  25  3 
26   20  27  6 
27   21  20  2 
28   21  26  9 
29   21  28  3 
30   22  21  9 
31   22  27  6 
32   22  29  1 
33   23  22  8 
34   23  29  10 
35   23  30  10 
36   24  25  7 
37   24  29  3 
38   24  31  9 
39   27  32  6 
40   28  27  8 
41   28  29  5 
42   28  33  9 
43   30  29  4 
44   30  31  7 
45   31  30  10 
46   31  37  4 
47   33  38  6 
48   33  40  9 
49   34  35  10 
50   34  39  10 
51   34  41  8 
52   35  36  1 
53   35  41  3 
54   36  37  3 
55   36  43  5 
56   37  42  2 
;
param arc_2: 1 2 3 :=
1   1  2  0 
2   1  3  0 
3   1  4  0 
4   1  5  0 
5   1  6  0 
6   1  7  0 
7   2  8  3 
8   3  10  2 
9   4  9  8 
10   4  11  8 
11   5  10  7 
12   5  12  2 
13   6  12  1 
14   6  13  7 
15   7  12  7 
16   7  13  10 
17   8  9  1 
18   8  14  8 
19   9  15  6 
20   10  11  1 
21   10  16  1 
22   10  17  7 
23   11  10  4 
24   11  12  7 
25   11  16  1 
26   11  17  9 
27   11  18  4 
28   12  11  8 
29   12  17  9 
30   12  19  6 
31   13  12  4 
32   13  19  8 
33   14  15  5 
34   14  20  1 
35   14  21  7 
36   15  16  2 
37   15  21  5 
38   16  17  9 
39   16  22  9 
40   16  23  4 
41   17  16  5 
42   17  22  10 
43   17  23  8 
44   18  17  7 
45   18  23  1 
46   18  24  8 
47   18  25  4 
48   19  18  7 
49   19  24  7 
50   20  21  6 
51   20  26  9 
52   21  22  8 
53   21  27  2 
54   22  23  7 
55   22  28  8 
56   23  24  1 
57   23  28  5 
58   24  23  10 
59   24  30  3 
60   25  24  4 
61   25  30  1 
62   25  31  4 
63   26  27  9 
64   26  32  9 
65   26  33  4 
66   27  26  7 
67   27  28  9 
68   27  33  10 
69   27  34  6 
70   28  34  10 
71   28  35  1 
72   29  28  7 
73   29  30  9 
74   29  34  3 
75   29  35  9 
76   29  36  9 
77   30  35  1 
78   30  36  8 
79   30  37  6 
80   31  36  9 
81   32  33  9 
82   32  38  7 
83   32  39  8 
84   33  32  6 
85   33  34  7 
86   33  39  1 
87   34  33  9 
88   34  40  6 
89   35  34  10 
90   35  40  4 
91   35  42  9 
92   36  35  10 
93   36  41  2 
94   36  42  9 
95   37  36  1 
96   37  43  2 
97   38  44  0 
98   39  44  0 
99   40  44  0 
100   41  44  0 
101   42  44  0 
102   43  44  0 
;
