K = [1  58  ;
2  57  ;
3  56  ;
4  55  ;
5  54  ;
6  53  ;
7  52  ]

n= 58
n_k = [1  ;
1  ;
1  ;
1  ;
1  ;
1  ;
1  ]

A_1 = [2  10  10 ;
3  10  5 ;
3  11  2 ;
4  10  8 ;
6  14  7 ;
7  13  7 ;
8  15  5 ;
10  18  9 ;
11  12  7 ;
11  18  7 ;
11  19  1 ;
12  13  4 ;
12  19  8 ;
13  12  4 ;
13  20  4 ;
14  15  1 ;
14  21  9 ;
15  22  2 ;
17  24  5 ;
17  25  10 ;
18  17  8 ;
18  19  9 ;
18  24  7 ;
18  26  1 ;
19  25  7 ;
19  27  3 ;
20  19  6 ;
21  20  9 ;
21  22  2 ;
21  29  7 ;
22  28  8 ;
23  24  8 ;
24  25  10 ;
25  24  3 ;
25  26  9 ;
25  31  4 ;
25  33  4 ;
26  33  7 ;
26  34  9 ;
27  34  8 ;
27  35  5 ;
28  27  9 ;
28  34  1 ;
31  30  8 ;
31  38  9 ;
32  33  7 ;
32  40  7 ;
33  32  6 ;
33  40  9 ;
34  33  10 ;
34  35  6 ;
35  41  9 ;
35  43  3 ;
36  35  2 ;
36  43  5 ;
37  38  1 ;
38  44  1 ;
39  45  10 ;
40  47  3 ;
40  48  5 ;
41  40  9 ;
41  48  5 ;
42  41  6 ;
43  49  7 ;
44  52  5 ;
45  53  10 ;
46  45  7 ;
46  53  1 ;
47  46  3 ;
48  49  9 ;
48  55  9 ;
49  48  4 ;
49  55  1 ;
49  57  10 ;
50  49  6 ;
50  57  1 ]

A_2 = [
1  2  0 ;
1  3  0 ;
1  4  0 ;
1  5  0 ;
1  6  0 ;
1  7  0 ;
1  8  0 ;
2  9  3 ;
3  9  2 ;
4  11  8 ;
4  12  8 ;
5  11  7 ;
5  12  4 ;
5  13  2 ;
6  12  8 ;
6  13  1 ;
7  14  10 ;
7  15  1 ;
8  14  8 ;
9  10  4 ;
9  16  10 ;
9  17  2 ;
10  9  6 ;
10  11  1 ;
10  16  1 ;
10  17  1 ;
11  10  1 ;
11  17  4 ;
12  11  9 ;
12  18  8 ;
12  20  9 ;
13  14  6 ;
13  19  4 ;
13  21  8 ;
14  13  5 ;
14  20  7 ;
14  22  2 ;
15  14  3 ;
15  21  5 ;
16  17  6 ;
16  23  9 ;
16  24  7 ;
17  16  9 ;
17  18  4 ;
17  23  5 ;
18  25  10 ;
19  18  8 ;
19  20  4 ;
19  26  7 ;
20  21  9 ;
20  26  6 ;
20  27  2 ;
20  28  8 ;
21  27  3 ;
21  28  9 ;
22  21  6 ;
22  29  1 ;
23  30  1 ;
23  31  5 ;
24  23  10 ;
24  30  10 ;
24  31  7 ;
24  32  3 ;
25  32  1 ;
26  25  9 ;
26  27  9 ;
26  32  4 ;
27  26  6 ;
27  28  10 ;
27  33  6 ;
28  29  10 ;
28  35  7 ;
28  36  9 ;
29  28  3 ;
29  35  9 ;
29  36  9 ;
30  31  4 ;
30  37  7 ;
30  38  1 ;
31  32  6 ;
31  37  10 ;
31  39  4 ;
32  31  9 ;
32  38  8 ;
32  39  6 ;
33  34  1 ;
33  39  9 ;
33  41  10 ;
34  40  8 ;
34  41  10 ;
34  42  1 ;
35  34  4 ;
35  36  3 ;
35  42  10 ;
36  42  9 ;
37  44  2 ;
37  45  2 ;
38  37  1 ;
38  39  8 ;
38  45  5 ;
38  46  4 ;
39  38  5 ;
39  40  2 ;
39  46  3 ;
39  47  6 ;
40  39  5 ;
40  41  2 ;
40  46  3 ;
41  42  3 ;
41  47  5 ;
41  49  8 ;
42  43  8 ;
42  48  8 ;
42  49  2 ;
42  50  1 ;
43  42  5 ;
43  50  6 ;
44  45  7 ;
44  51  4 ;
45  44  2 ;
45  46  5 ;
45  51  9 ;
45  52  4 ;
46  47  1 ;
46  52  4 ;
46  54  7 ;
47  48  1 ;
47  53  3 ;
47  54  8 ;
47  55  9 ;
48  47  7 ;
48  54  4 ;
48  56  8 ;
49  50  9 ;
49  56  7 ;
50  56  7 ;
51  52  10 ;
51  58  0 ;
52  51  10 ;
52  53  10 ;
52  58  0 ;
53  52  10 ;
53  54  10 ;
53  58  0 ;
54  53  10 ;
54  55  10 ;
54  58  0 ;
55  54  10 ;
55  56  10 ;
55  58  0 ;
56  55  10 ;
56  57  10 ;
56  58  0 ;
57  56  10 ;
57  58  0 ]
