5      # nbre paires o-d
# les paires o-d  
1    1  32  
2    2  31  
3    3  30  
4    4  29  
5    5  28  
# les demandes  
1    1  
2    1  
3    1  
4    1  
5    1  

32      # nbre sommet
36      # nbre arc_1 (proba sur 10 = 4) 
71      # nbre arc_2
# arc_1: o d cost
1    4  8  8 
2    4  9  8 
3    6  10  8 
4    7  8  7 
5    8  7  1 
6    8  13  4 
7    8  14  10 
8    9  8  2 
9    9  13  1 
10    9  15  1 
11    10  16  7 
12    11  16  4 
13    13  18  4 
14    14  13  5 
15    14  15  1 
16    14  18  7 
17    14  20  2 
18    15  14  3 
19    15  20  6 
20    16  21  4 
21    17  18  5 
22    17  23  10 
23    18  19  9 
24    18  24  1 
25    19  23  7 
26    19  25  3 
27    20  21  9 
28    20  24  6 
29    21  25  2 
30    22  23  9 
31    23  27  8 
32    24  28  10 
33    24  30  3 
34    25  29  4 
35    26  25  9 
36    26  31  4 

# arc_2: o d cost 
1    1  2  0 
2    1  3  0 
3    1  4  0 
4    1  5  0 
5    1  6  0 
6    2  7  3 
7    2  8  10 
8    3  7  2 
9    3  8  5 
10    3  9  2 
11    4  10  8 
12    5  9  7 
13    5  10  4 
14    5  11  2 
15    6  11  1 
16    7  12  7 
17    7  13  10 
18    8  9  8 
19    8  12  5 
20    9  10  6 
21    9  14  1 
22    10  9  9 
23    10  11  1 
24    10  14  7 
25    10  15  4 
26    11  10  1 
27    11  15  9 
28    12  13  8 
29    12  17  8 
30    12  18  9 
31    13  12  4 
32    13  14  6 
33    13  17  4 
34    13  19  8 
35    14  19  9 
36    15  16  5 
37    15  19  2 
38    15  21  9 
39    16  15  7 
40    16  20  9 
41    17  22  5 
42    18  17  8 
43    18  22  7 
44    18  23  10 
45    19  18  8 
46    19  20  4 
47    19  24  7 
48    20  19  6 
49    20  25  2 
50    20  26  8 
51    21  20  9 
52    21  26  3 
53    22  27  7 
54    22  28  6 
55    23  22  8 
56    23  24  1 
57    23  28  1 
58    23  29  5 
59    24  23  10 
60    24  25  10 
61    24  29  7 
62    25  24  3 
63    25  26  9 
64    25  30  1 
65    25  31  4 
66    26  30  9 
67    27  32  0 
68    28  32  0 
69    29  32  0 
70    30  32  0 
71    31  32  0 

