param nb_pair:=6 ;
param pair: 1 2 := 
1   1  56  
2   2  55  
3   3  54  
4   4  53  
5   5  52  
6   6  51  
; 
param demand := 
1   1  
2   1  
3   1  
4   1  
5   1  
6   1  
; 
param n:=56 ;
# la proba_arc_tax sur 10 est 4 
param nb_arc_1:=69 ;
param nb_arc_2:=141 ;
param arc_1: 1 2 3 :=
1   2  9  10 
2   3  8  2 
3   6  11  8 
4   7  12  7 
5   8  9  1 
6   10  9  1 
7   10  11  1 
8   11  10  4 
9   11  16  1 
10   12  18  4 
11   13  12  4 
12   13  19  8 
13   14  15  5 
14   14  21  7 
15   15  16  2 
16   15  21  5 
17   16  17  9 
18   16  23  4 
19   17  18  5 
20   18  17  7 
21   18  23  1 
22   19  25  3 
23   20  21  6 
24   20  27  6 
25   21  20  2 
26   21  26  9 
27   22  21  9 
28   22  23  7 
29   22  27  6 
30   23  29  10 
31   23  30  10 
32   24  29  3 
33   24  31  9 
34   25  24  4 
35   25  30  1 
36   26  33  4 
37   27  33  10 
38   27  34  6 
39   28  27  8 
40   28  33  9 
41   29  30  9 
42   29  34  3 
43   30  31  7 
44   30  35  1 
45   31  30  10 
46   33  39  1 
47   34  35  10 
48   34  41  8 
49   35  40  4 
50   36  37  3 
51   36  42  9 
52   36  43  5 
53   38  45  1 
54   39  40  4 
55   39  44  5 
56   39  46  10 
57   40  39  3 
58   41  40  3 
59   41  42  5 
60   42  41  5 
61   43  48  1 
62   44  45  7 
63   45  44  4 
64   45  50  2 
65   46  52  1 
66   47  48  7 
67   47  52  3 
68   48  53  7 
69   49  54  8 
;
param arc_2: 1 2 3 :=
1   1  2  0 
2   1  3  0 
3   1  4  0 
4   1  5  0 
5   1  6  0 
6   1  7  0 
7   2  8  3 
8   3  9  5 
9   3  10  2 
10   4  9  8 
11   4  10  8 
12   4  11  8 
13   5  10  7 
14   5  11  4 
15   5  12  2 
16   6  12  1 
17   6  13  7 
18   7  13  10 
19   8  14  8 
20   8  15  5 
21   9  8  4 
22   9  10  10 
23   9  14  2 
24   9  15  6 
25   9  16  1 
26   10  15  9 
27   10  16  1 
28   10  17  7 
29   11  12  7 
30   11  17  9 
31   11  18  4 
32   12  11  8 
33   12  13  8 
34   12  17  9 
35   12  19  6 
36   13  18  4 
37   14  20  1 
38   15  14  9 
39   15  20  3 
40   15  22  2 
41   16  15  6 
42   16  21  7 
43   16  22  9 
44   17  16  5 
45   17  22  10 
46   17  23  8 
47   17  24  9 
48   18  19  10 
49   18  24  8 
50   18  25  4 
51   19  18  7 
52   19  24  7 
53   20  26  9 
54   21  22  8 
55   21  27  2 
56   21  28  3 
57   22  28  8 
58   22  29  1 
59   23  22  8 
60   23  24  1 
61   23  28  5 
62   24  23  10 
63   24  25  7 
64   24  30  3 
65   25  31  4 
66   26  27  9 
67   26  32  9 
68   27  26  7 
69   27  28  9 
70   27  32  6 
71   28  29  5 
72   28  34  10 
73   28  35  1 
74   29  28  7 
75   29  35  9 
76   29  36  9 
77   30  29  4 
78   30  36  8 
79   30  37  6 
80   31  36  9 
81   31  37  4 
82   32  33  9 
83   32  38  7 
84   32  39  8 
85   33  32  6 
86   33  34  7 
87   33  38  6 
88   33  40  9 
89   34  33  9 
90   34  39  10 
91   34  40  6 
92   35  34  10 
93   35  36  1 
94   35  41  3 
95   35  42  9 
96   36  35  10 
97   36  41  2 
98   37  36  1 
99   37  42  2 
100   37  43  2 
101   38  39  1 
102   38  44  8 
103   39  38  5 
104   39  45  2 
105   40  41  6 
106   40  45  5 
107   40  46  2 
108   40  47  3 
109   41  46  9 
110   41  47  3 
111   41  48  5 
112   42  43  8 
113   42  47  6 
114   42  48  8 
115   42  49  8 
116   43  42  2 
117   43  49  5 
118   44  50  6 
119   44  51  7 
120   45  46  5 
121   45  51  5 
122   45  52  9 
123   46  45  4 
124   46  47  10 
125   46  51  7 
126   46  53  4 
127   47  46  1 
128   47  53  1 
129   47  54  3 
130   48  47  8 
131   48  49  9 
132   48  54  9 
133   48  55  4 
134   49  48  9 
135   49  55  4 
136   50  56  0 
137   51  56  0 
138   52  56  0 
139   53  56  0 
140   54  56  0 
141   55  56  0 
;
