param nb_pair:=7 ;
param pair: 1 2 := 
1   1  65  
2   2  64  
3   3  63  
4   4  62  
5   5  61  
6   6  60  
7   7  59  
; 
param demand := 
1   1  
2   1  
3   1  
4   1  
5   1  
6   1  
7   1  
; 
param n:=65 ;
# la proba_arc_tax sur 10 est 4 
param nb_arc_1:=83 ;
param nb_arc_2:=179 ;
param arc_1: 1 2 3 :=
1   2  10  10 
2   3  9  2 
3   3  11  2 
4   4  11  8 
5   5  12  4 
6   5  13  2 
7   6  12  8 
8   8  14  8 
9   9  17  2 
10   10  11  1 
11   10  16  1 
12   10  18  9 
13   11  17  4 
14   12  13  4 
15   12  18  8 
16   13  12  4 
17   13  21  8 
18   14  13  5 
19   14  22  2 
20   15  14  3 
21   15  21  5 
22   16  17  6 
23   18  19  9 
24   18  26  1 
25   19  25  7 
26   20  19  6 
27   20  21  9 
28   20  28  8 
29   21  22  2 
30   21  27  3 
31   23  24  8 
32   23  31  5 
33   24  23  10 
34   24  30  10 
35   25  32  1 
36   25  33  4 
37   26  33  7 
38   27  35  5 
39   28  27  9 
40   28  29  10 
41   28  36  9 
42   29  35  9 
43   31  32  6 
44   31  39  4 
45   32  31  9 
46   33  32  6 
47   33  34  1 
48   33  41  10 
49   34  35  6 
50   35  41  9 
51   35  43  3 
52   36  42  9 
53   37  38  1 
54   37  45  2 
55   38  37  1 
56   38  44  1 
57   38  46  4 
58   39  46  3 
59   40  41  2 
60   40  48  5 
61   41  40  9 
62   42  41  6 
63   42  49  2 
64   43  49  7 
65   45  44  2 
66   45  46  5 
67   45  52  4 
68   46  45  7 
69   46  47  1 
70   46  53  1 
71   47  46  3 
72   48  49  9 
73   49  50  9 
74   49  55  1 
75   50  49  6 
76   50  57  1 
77   51  52  5 
78   52  51  1 
79   52  59  2 
80   52  60  5 
81   54  62  10 
82   55  54  4 
83   57  56  2 
;
param arc_2: 1 2 3 :=
1   1  2  0 
2   1  3  0 
3   1  4  0 
4   1  5  0 
5   1  6  0 
6   1  7  0 
7   1  8  0 
8   2  9  3 
9   3  10  5 
10   4  10  8 
11   4  12  8 
12   5  11  7 
13   6  13  1 
14   6  14  7 
15   7  13  7 
16   7  14  10 
17   7  15  1 
18   8  15  5 
19   9  10  4 
20   9  16  10 
21   10  9  6 
22   10  17  1 
23   11  10  1 
24   11  12  7 
25   11  18  7 
26   11  19  1 
27   12  11  9 
28   12  19  8 
29   12  20  9 
30   13  14  6 
31   13  19  4 
32   13  20  4 
33   14  15  1 
34   14  20  7 
35   14  21  9 
36   15  22  2 
37   16  23  9 
38   16  24  7 
39   17  16  9 
40   17  18  4 
41   17  23  5 
42   17  24  5 
43   17  25  10 
44   18  17  8 
45   18  24  7 
46   18  25  10 
47   19  18  8 
48   19  20  4 
49   19  26  7 
50   19  27  3 
51   20  26  6 
52   20  27  2 
53   21  20  9 
54   21  28  9 
55   21  29  7 
56   22  21  6 
57   22  28  8 
58   22  29  1 
59   23  30  1 
60   24  25  10 
61   24  31  7 
62   24  32  3 
63   25  24  3 
64   25  26  9 
65   25  31  4 
66   26  25  9 
67   26  27  9 
68   26  32  4 
69   26  34  9 
70   27  26  6 
71   27  28  10 
72   27  33  6 
73   27  34  8 
74   28  34  1 
75   28  35  7 
76   29  28  3 
77   29  36  9 
78   30  31  4 
79   30  37  7 
80   30  38  1 
81   31  30  8 
82   31  37  10 
83   31  38  9 
84   32  33  7 
85   32  38  8 
86   32  39  6 
87   32  40  7 
88   33  39  9 
89   33  40  9 
90   34  33  10 
91   34  40  8 
92   34  41  10 
93   34  42  1 
94   35  34  4 
95   35  36  3 
96   35  42  10 
97   36  35  2 
98   36  43  5 
99   37  44  2 
100   38  39  8 
101   38  45  5 
102   39  38  5 
103   39  40  2 
104   39  45  10 
105   39  47  6 
106   40  39  5 
107   40  46  3 
108   40  47  3 
109   41  42  3 
110   41  47  5 
111   41  48  5 
112   41  49  8 
113   42  43  8 
114   42  48  8 
115   42  50  1 
116   43  42  5 
117   43  50  6 
118   44  45  7 
119   44  51  4 
120   44  52  5 
121   45  51  9 
122   45  53  10 
123   46  52  4 
124   46  54  7 
125   47  48  1 
126   47  53  3 
127   47  54  8 
128   47  55  9 
129   48  47  7 
130   48  54  4 
131   48  55  9 
132   48  56  8 
133   49  48  4 
134   49  56  7 
135   49  57  10 
136   50  56  7 
137   51  58  3 
138   51  59  4 
139   52  53  5 
140   52  58  2 
141   53  52  5 
142   53  54  3 
143   53  59  7 
144   53  60  10 
145   53  61  5 
146   54  53  3 
147   54  55  1 
148   54  60  9 
149   54  61  1 
150   55  56  10 
151   55  61  8 
152   55  62  3 
153   55  63  10 
154   56  55  9 
155   56  57  1 
156   56  62  7 
157   56  63  4 
158   56  64  6 
159   57  63  4 
160   57  64  10 
161   58  59  10 
162   58  65  0 
163   59  58  10 
164   59  60  10 
165   59  65  0 
166   60  59  10 
167   60  61  10 
168   60  65  0 
169   61  60  10 
170   61  62  10 
171   61  65  0 
172   62  61  10 
173   62  63  10 
174   62  65  0 
175   63  62  10 
176   63  64  10 
177   63  65  0 
178   64  63  10 
179   64  65  0 
;
