7      # nbre paires o-d
# les paires o-d  
1    1  72  
2    2  71  
3    3  70  
4    4  69  
5    5  68  
6    6  67  
7    7  66  
# les demandes  
1    1  
2    1  
3    1  
4    1  
5    1  
6    1  
7    1  

72      # nbre sommet
84      # nbre arc_1 (proba sur 10 = 4) 
209      # nbre arc_2
# arc_1: o d cost
1    3  9  2 
2    6  12  8 
3    7  13  7 
4    8  14  8 
5    9  17  2 
6    10  16  1 
7    10  18  9 
8    11  10  1 
9    12  13  4 
10    12  19  8 
11    12  20  9 
12    13  14  6 
13    13  19  4 
14    14  20  7 
15    15  22  2 
16    17  23  5 
17    17  25  10 
18    18  24  7 
19    18  26  1 
20    20  19  6 
21    20  27  2 
22    20  28  8 
23    21  29  7 
24    22  21  6 
25    23  24  8 
26    23  31  5 
27    25  24  3 
28    25  31  4 
29    25  33  4 
30    26  27  9 
31    26  33  7 
32    26  34  9 
33    27  28  10 
34    27  34  8 
35    28  34  1 
36    29  28  3 
37    30  31  4 
38    31  38  9 
39    32  33  7 
40    32  40  7 
41    33  32  6 
42    33  41  10 
43    34  33  10 
44    34  40  8 
45    34  42  1 
46    35  34  4 
47    35  41  9 
48    35  43  3 
49    37  45  2 
50    38  46  4 
51    39  38  5 
52    39  46  3 
53    40  39  5 
54    40  41  2 
55    40  46  3 
56    40  48  5 
57    41  47  5 
58    44  45  7 
59    46  53  1 
60    47  48  1 
61    47  54  8 
62    48  54  4 
63    49  56  7 
64    50  57  1 
65    51  59  4 
66    53  59  7 
67    53  61  5 
68    54  55  1 
69    54  61  1 
70    55  56  10 
71    55  61  8 
72    55  63  10 
73    57  56  2 
74    59  60  2 
75    59  67  9 
76    60  66  6 
77    60  68  7 
78    61  62  1 
79    61  67  3 
80    61  69  6 
81    62  61  10 
82    63  62  5 
83    63  69  7 
84    64  70  8 

# arc_2: o d cost 
1    1  2  0 
2    1  3  0 
3    1  4  0 
4    1  5  0 
5    1  6  0 
6    1  7  0 
7    1  8  0 
8    2  9  3 
9    2  10  10 
10    3  10  5 
11    3  11  2 
12    4  10  8 
13    4  11  8 
14    4  12  8 
15    5  11  7 
16    5  12  4 
17    5  13  2 
18    6  13  1 
19    6  14  7 
20    7  14  10 
21    7  15  1 
22    8  15  5 
23    9  10  4 
24    9  16  10 
25    10  9  6 
26    10  11  1 
27    10  17  1 
28    11  12  7 
29    11  17  4 
30    11  18  7 
31    11  19  1 
32    12  11  9 
33    12  18  8 
34    13  12  4 
35    13  20  4 
36    13  21  8 
37    14  13  5 
38    14  15  1 
39    14  21  9 
40    14  22  2 
41    15  14  3 
42    15  21  5 
43    16  17  6 
44    16  23  9 
45    16  24  7 
46    17  16  9 
47    17  18  4 
48    17  24  5 
49    18  17  8 
50    18  19  9 
51    18  25  10 
52    19  18  8 
53    19  20  4 
54    19  25  7 
55    19  26  7 
56    19  27  3 
57    20  21  9 
58    20  26  6 
59    21  20  9 
60    21  22  2 
61    21  27  3 
62    21  28  9 
63    22  28  8 
64    22  29  1 
65    23  30  1 
66    24  23  10 
67    24  25  10 
68    24  30  10 
69    24  31  7 
70    24  32  3 
71    25  26  9 
72    25  32  1 
73    26  25  9 
74    26  32  4 
75    27  26  6 
76    27  33  6 
77    27  35  5 
78    28  27  9 
79    28  29  10 
80    28  35  7 
81    28  36  9 
82    29  35  9 
83    29  36  9 
84    30  37  7 
85    30  38  1 
86    31  30  8 
87    31  32  6 
88    31  37  10 
89    31  39  4 
90    32  31  9 
91    32  38  8 
92    32  39  6 
93    33  34  1 
94    33  39  9 
95    33  40  9 
96    34  35  6 
97    34  41  10 
98    35  36  3 
99    35  42  10 
100    36  35  2 
101    36  42  9 
102    36  43  5 
103    37  38  1 
104    37  44  2 
105    38  37  1 
106    38  39  8 
107    38  44  1 
108    38  45  5 
109    39  40  2 
110    39  45  10 
111    39  47  6 
112    40  47  3 
113    41  40  9 
114    41  42  3 
115    41  48  5 
116    41  49  8 
117    42  41  6 
118    42  43  8 
119    42  48  8 
120    42  49  2 
121    42  50  1 
122    43  42  5 
123    43  49  7 
124    43  50  6 
125    44  51  4 
126    44  52  5 
127    45  44  2 
128    45  46  5 
129    45  51  9 
130    45  52  4 
131    45  53  10 
132    46  45  7 
133    46  47  1 
134    46  52  4 
135    46  54  7 
136    47  46  3 
137    47  53  3 
138    47  55  9 
139    48  47  7 
140    48  49  9 
141    48  55  9 
142    48  56  8 
143    49  48  4 
144    49  50  9 
145    49  55  1 
146    49  57  10 
147    50  49  6 
148    50  56  7 
149    51  52  5 
150    51  58  3 
151    52  51  1 
152    52  53  5 
153    52  58  2 
154    52  59  2 
155    52  60  5 
156    53  52  5 
157    53  54  3 
158    53  60  10 
159    54  53  3 
160    54  60  9 
161    54  62  10 
162    55  54  4 
163    55  62  3 
164    56  55  9 
165    56  57  1 
166    56  62  7 
167    56  63  4 
168    56  64  6 
169    57  63  4 
170    57  64  10 
171    58  59  7 
172    58  65  10 
173    58  66  4 
174    59  58  8 
175    59  65  7 
176    59  66  5 
177    60  59  8 
178    60  61  1 
179    60  67  10 
180    61  60  5 
181    61  68  4 
182    62  63  3 
183    62  68  6 
184    62  69  7 
185    62  70  4 
186    63  64  2 
187    63  70  9 
188    63  71  6 
189    64  63  9 
190    64  71  9 
191    65  66  10 
192    65  72  0 
193    66  65  10 
194    66  67  10 
195    66  72  0 
196    67  66  10 
197    67  68  10 
198    67  72  0 
199    68  67  10 
200    68  69  10 
201    68  72  0 
202    69  68  10 
203    69  70  10 
204    69  72  0 
205    70  69  10 
206    70  71  10 
207    70  72  0 
208    71  70  10 
209    71  72  0 

