4      # nbre paires o-d
# les paires o-d  
1    1  22  
2    2  21  
3    3  20  
4    4  19  
# les demandes  
1    1  
2    1  
3    1  
4    1  

22      # nbre sommet
17      # nbre arc_1 (proba sur 10 = 4) 
49      # nbre arc_2
# arc_1: o d cost
1    2  7  5 
2    7  8  3 
3    7  12  4 
4    8  9  2 
5    9  12  0 
6    11  14  0 
7    13  12  2 
8    13  16  2 
9    14  19  3 
10    15  14  4 
11    15  19  2 
12    15  20  1 
13    16  15  3 
14    16  17  4 
15    16  20  4 
16    17  16  2 
17    17  21  5 

# arc_2: o d cost 
1    1  2  0 
2    1  3  0 
3    1  4  0 
4    1  5  0 
5    2  6  3 
6    3  6  2 
7    3  7  5 
8    3  8  2 
9    4  7  8 
10    4  8  8 
11    4  9  8 
12    5  8  7 
13    5  9  4 
14    6  7  2 
15    6  10  8 
16    6  11  1 
17    7  6  7 
18    7  10  10 
19    7  11  1 
20    8  7  5 
21    8  11  10 
22    8  12  2 
23    8  13  6 
24    9  8  1 
25    9  13  1 
26    10  11  9 
27    10  14  1 
28    10  15  7 
29    11  10  4 
30    11  12  7 
31    11  15  9 
32    11  16  4 
33    12  11  8 
34    12  13  8 
35    12  15  9 
36    12  16  4 
37    12  17  6 
38    13  17  8 
39    14  15  5 
40    14  18  1 
41    15  16  2 
42    15  18  3 
43    16  19  7 
44    16  21  4 
45    17  20  5 
46    18  22  0 
47    19  22  0 
48    20  22  0 
49    21  22  0 

