7      # nbre paires o-d
# les paires o-d  
1    1  58  
2    2  57  
3    3  56  
4    4  55  
5    5  54  
6    6  53  
7    7  52  
# les demandes  
1    1  
2    1  
3    1  
4    1  
5    1  
6    1  
7    1  

58      # nbre sommet
76      # nbre arc_1 (proba sur 10 = 4) 
155      # nbre arc_2
# arc_1: o d cost
1    2  10  10 
2    3  10  5 
3    3  11  2 
4    4  10  8 
5    6  14  7 
6    7  13  7 
7    8  15  5 
8    10  18  9 
9    11  12  7 
10    11  18  7 
11    11  19  1 
12    12  13  4 
13    12  19  8 
14    13  12  4 
15    13  20  4 
16    14  15  1 
17    14  21  9 
18    15  22  2 
19    17  24  5 
20    17  25  10 
21    18  17  8 
22    18  19  9 
23    18  24  7 
24    18  26  1 
25    19  25  7 
26    19  27  3 
27    20  19  6 
28    21  20  9 
29    21  22  2 
30    21  29  7 
31    22  28  8 
32    23  24  8 
33    24  25  10 
34    25  24  3 
35    25  26  9 
36    25  31  4 
37    25  33  4 
38    26  33  7 
39    26  34  9 
40    27  34  8 
41    27  35  5 
42    28  27  9 
43    28  34  1 
44    31  30  8 
45    31  38  9 
46    32  33  7 
47    32  40  7 
48    33  32  6 
49    33  40  9 
50    34  33  10 
51    34  35  6 
52    35  41  9 
53    35  43  3 
54    36  35  2 
55    36  43  5 
56    37  38  1 
57    38  44  1 
58    39  45  10 
59    40  47  3 
60    40  48  5 
61    41  40  9 
62    41  48  5 
63    42  41  6 
64    43  49  7 
65    44  52  5 
66    45  53  10 
67    46  45  7 
68    46  53  1 
69    47  46  3 
70    48  49  9 
71    48  55  9 
72    49  48  4 
73    49  55  1 
74    49  57  10 
75    50  49  6 
76    50  57  1 

# arc_2: o d cost 
1    1  2  0 
2    1  3  0 
3    1  4  0 
4    1  5  0 
5    1  6  0 
6    1  7  0 
7    1  8  0 
8    2  9  3 
9    3  9  2 
10    4  11  8 
11    4  12  8 
12    5  11  7 
13    5  12  4 
14    5  13  2 
15    6  12  8 
16    6  13  1 
17    7  14  10 
18    7  15  1 
19    8  14  8 
20    9  10  4 
21    9  16  10 
22    9  17  2 
23    10  9  6 
24    10  11  1 
25    10  16  1 
26    10  17  1 
27    11  10  1 
28    11  17  4 
29    12  11  9 
30    12  18  8 
31    12  20  9 
32    13  14  6 
33    13  19  4 
34    13  21  8 
35    14  13  5 
36    14  20  7 
37    14  22  2 
38    15  14  3 
39    15  21  5 
40    16  17  6 
41    16  23  9 
42    16  24  7 
43    17  16  9 
44    17  18  4 
45    17  23  5 
46    18  25  10 
47    19  18  8 
48    19  20  4 
49    19  26  7 
50    20  21  9 
51    20  26  6 
52    20  27  2 
53    20  28  8 
54    21  27  3 
55    21  28  9 
56    22  21  6 
57    22  29  1 
58    23  30  1 
59    23  31  5 
60    24  23  10 
61    24  30  10 
62    24  31  7 
63    24  32  3 
64    25  32  1 
65    26  25  9 
66    26  27  9 
67    26  32  4 
68    27  26  6 
69    27  28  10 
70    27  33  6 
71    28  29  10 
72    28  35  7 
73    28  36  9 
74    29  28  3 
75    29  35  9 
76    29  36  9 
77    30  31  4 
78    30  37  7 
79    30  38  1 
80    31  32  6 
81    31  37  10 
82    31  39  4 
83    32  31  9 
84    32  38  8 
85    32  39  6 
86    33  34  1 
87    33  39  9 
88    33  41  10 
89    34  40  8 
90    34  41  10 
91    34  42  1 
92    35  34  4 
93    35  36  3 
94    35  42  10 
95    36  42  9 
96    37  44  2 
97    37  45  2 
98    38  37  1 
99    38  39  8 
100    38  45  5 
101    38  46  4 
102    39  38  5 
103    39  40  2 
104    39  46  3 
105    39  47  6 
106    40  39  5 
107    40  41  2 
108    40  46  3 
109    41  42  3 
110    41  47  5 
111    41  49  8 
112    42  43  8 
113    42  48  8 
114    42  49  2 
115    42  50  1 
116    43  42  5 
117    43  50  6 
118    44  45  7 
119    44  51  4 
120    45  44  2 
121    45  46  5 
122    45  51  9 
123    45  52  4 
124    46  47  1 
125    46  52  4 
126    46  54  7 
127    47  48  1 
128    47  53  3 
129    47  54  8 
130    47  55  9 
131    48  47  7 
132    48  54  4 
133    48  56  8 
134    49  50  9 
135    49  56  7 
136    50  56  7 
137    51  52  10 
138    51  58  0 
139    52  51  10 
140    52  53  10 
141    52  58  0 
142    53  52  10 
143    53  54  10 
144    53  58  0 
145    54  53  10 
146    54  55  10 
147    54  58  0 
148    55  54  10 
149    55  56  10 
150    55  58  0 
151    56  55  10 
152    56  57  10 
153    56  58  0 
154    57  56  10 
155    57  58  0 

